shape_id,shape_pt_lat,shape_pt_lon,shape_pt_sequence,shape_dist_traveled
shp_328H_1,12.8027,77.6861,1,0.00
shp_328H_1,12.8027,77.6861,2,0.00
shp_328H_1,12.7098,77.696,3,10.39
shp_328H_1,13.069,77.799,4,51.86
shp_328H_1,12.8615,77.6965,5,77.47
shp_328H_1,12.8027,77.6861,6,84.10
shp_328H_1,12.8027,77.6861,7,84.10
shp_328H_1,12.7098,77.696,8,94.49
shp_328H_1,13.069,77.799,9,135.96
shp_328H_1,12.8615,77.6965,10,161.56
shp_328H_1,13.069,77.799,11,187.17
shp_328H_10,12.8027,77.6861,1,0.00
shp_328H_10,12.8615,77.6965,2,6.63
shp_328H_10,12.9082,77.4802,3,30.65
shp_328H_10,12.8615,77.6965,4,54.66
shp_328H_10,12.8027,77.6861,5,61.30
shp_328H_10,13.069,77.799,6,93.34
shp_328H_10,12.8615,77.6965,7,118.94
shp_328H_10,12.8027,77.6861,8,125.58
shp_328H_10,13.069,77.799,9,157.62
shp_328H_10,12.8615,77.6965,10,183.23
shp_328H_10,12.9956,77.7586,11,199.59
shp_328H_10,12.8615,77.6965,12,215.94
shp_328H_10,12.8027,77.6861,13,222.58
shp_328H_12,12.8027,77.6861,1,0.00
shp_328H_12,12.8027,77.6861,2,0.00
shp_328H_12,12.7098,77.696,3,10.39
shp_328H_12,13.069,77.799,4,51.86
shp_328H_12,12.8615,77.6965,5,77.47
shp_328H_12,13.069,77.799,6,103.07
shp_328H_12,12.8615,77.6965,7,128.68
shp_328H_12,13.069,77.799,8,154.29
shp_328H_12,12.7098,77.696,9,195.76
shp_328H_12,12.8027,77.6861,10,206.14
shp_328H_12,12.8027,77.6861,11,206.14
shp_328H_13,12.8027,77.6861,1,0.00
shp_328H_13,12.8615,77.6965,2,6.63
shp_328H_13,12.9082,77.4802,3,30.65
shp_328H_13,12.8615,77.6965,4,54.66
shp_328H_13,12.8027,77.6861,5,61.30
shp_328H_13,13.069,77.799,6,93.34
shp_328H_13,12.9775,77.5714,7,120.01
shp_328H_13,13.069,77.799,8,146.68
shp_328H_13,12.8615,77.6965,9,172.29
shp_328H_13,13.069,77.799,10,197.90
shp_328H_13,12.8615,77.6965,11,223.51
shp_328H_13,12.8027,77.6861,12,230.14
shp_328H_14,12.8027,77.6861,1,0.00
shp_328H_14,12.8027,77.6861,2,0.00
shp_328H_14,12.7098,77.696,3,10.39
shp_328H_14,13.069,77.799,4,51.86
shp_328H_14,12.8615,77.6965,5,77.47
shp_328H_14,13.069,77.799,6,103.07
shp_328H_14,12.8615,77.6965,7,128.68
shp_328H_14,13.069,77.799,8,154.29
shp_328H_14,12.7098,77.696,9,195.76
shp_328H_14,12.8027,77.6861,10,206.14
shp_328H_14,12.8027,77.6861,11,206.14
shp_328H_16,12.8027,77.6861,1,0.00
shp_328H_16,12.8615,77.6965,2,6.63
shp_328H_16,12.9082,77.4802,3,30.65
shp_328H_16,12.8615,77.6965,4,54.66
shp_328H_16,12.8027,77.6861,5,61.30
shp_328H_16,13.069,77.799,6,93.34
shp_328H_16,12.8615,77.6965,7,118.94
shp_328H_16,12.8027,77.6861,8,125.58
shp_328H_16,13.069,77.799,9,157.62
shp_328H_16,12.8615,77.6965,10,183.23
shp_328H_16,12.9956,77.7586,11,199.59
shp_328H_16,12.8615,77.6965,12,215.94
shp_328H_16,12.8027,77.6861,13,222.58
shp_328H_19,12.8027,77.6861,1,0.00
shp_328H_19,12.8027,77.6861,2,0.00
shp_328H_19,12.7098,77.696,3,10.39
shp_328H_19,13.069,77.799,4,51.86
shp_328H_19,12.8615,77.6965,5,77.47
shp_328H_19,13.069,77.799,6,103.07
shp_328H_19,12.8615,77.6965,7,128.68
shp_328H_19,13.069,77.799,8,154.29
shp_328H_19,12.7098,77.696,9,195.76
shp_328H_19,12.8027,77.6861,10,206.14
shp_328H_19,12.8027,77.6861,11,206.14
shp_328H_2,12.8027,77.6861,1,0.00
shp_328H_2,12.8615,77.6965,2,6.63
shp_328H_2,12.8027,77.6861,3,13.27
shp_328H_2,13.069,77.799,4,45.31
shp_328H_2,12.8615,77.6965,5,70.92
shp_328H_2,12.895,77.72,6,75.43
shp_328H_2,12.8615,77.6965,7,79.94
shp_328H_2,13.069,77.799,8,105.55
shp_328H_2,12.8615,77.6965,9,131.16
shp_328H_2,13.069,77.799,10,156.76
shp_328H_2,12.8615,77.6965,11,182.37
shp_328H_2,12.8027,77.6861,12,189.00
shp_328H_20,12.8027,77.6861,1,0.00
shp_328H_20,12.8615,77.6965,2,6.63
shp_328H_20,12.9082,77.4802,3,30.65
shp_328H_20,12.8615,77.6965,4,54.66
shp_328H_20,12.8027,77.6861,5,61.30
shp_328H_20,13.069,77.799,6,93.34
shp_328H_20,12.9775,77.5714,7,120.01
shp_328H_20,13.069,77.799,8,146.68
shp_328H_20,12.8615,77.6965,9,172.29
shp_328H_20,13.069,77.799,10,197.90
shp_328H_20,12.8615,77.6965,11,223.51
shp_328H_20,12.8027,77.6861,12,230.14
shp_328H_21,12.8027,77.6861,1,0.00
shp_328H_21,12.8027,77.6861,2,0.00
shp_328H_21,12.7098,77.696,3,10.39
shp_328H_21,13.069,77.799,4,51.86
shp_328H_21,12.8615,77.6965,5,77.47
shp_328H_21,13.069,77.799,6,103.07
shp_328H_21,12.8615,77.6965,7,128.68
shp_328H_21,13.069,77.799,8,154.29
shp_328H_21,12.7098,77.696,9,195.76
shp_328H_21,12.8027,77.6861,10,206.14
shp_328H_21,12.8027,77.6861,11,206.14
shp_328H_22,12.8027,77.6861,1,0.00
shp_328H_22,12.8615,77.6965,2,6.63
shp_328H_22,12.9082,77.4802,3,30.65
shp_328H_22,12.8615,77.6965,4,54.66
shp_328H_22,12.8027,77.6861,5,61.30
shp_328H_22,13.069,77.799,6,93.34
shp_328H_22,12.8615,77.6965,7,118.94
shp_328H_22,12.8027,77.6861,8,125.58
shp_328H_22,13.069,77.799,9,157.62
shp_328H_22,12.8615,77.6965,10,183.23
shp_328H_22,12.9956,77.7586,11,199.59
shp_328H_22,12.8615,77.6965,12,215.94
shp_328H_22,12.8027,77.6861,13,222.58
shp_328H_23,12.8027,77.6861,1,0.00
shp_328H_23,12.8615,77.6965,2,6.63
shp_328H_23,12.9082,77.4802,3,30.65
shp_328H_23,12.8615,77.6965,4,54.66
shp_328H_23,12.8027,77.6861,5,61.30
shp_328H_23,13.069,77.799,6,93.34
shp_328H_23,12.8615,77.6965,7,118.94
shp_328H_23,12.8027,77.6861,8,125.58
shp_328H_23,13.069,77.799,9,157.62
shp_328H_23,12.8615,77.6965,10,183.23
shp_328H_23,12.9956,77.7586,11,199.59
shp_328H_23,12.8615,77.6965,12,215.94
shp_328H_23,12.8027,77.6861,13,222.58
shp_328H_25,12.8027,77.6861,1,0.00
shp_328H_25,12.8027,77.6861,2,0.00
shp_328H_25,12.7098,77.696,3,10.39
shp_328H_25,13.069,77.799,4,51.86
shp_328H_25,12.8615,77.6965,5,77.47
shp_328H_25,13.069,77.799,6,103.07
shp_328H_25,12.8615,77.6965,7,128.68
shp_328H_25,13.069,77.799,8,154.29
shp_328H_25,12.7098,77.696,9,195.76
shp_328H_25,12.8027,77.6861,10,206.14
shp_328H_25,12.8027,77.6861,11,206.14
shp_328H_28,12.8027,77.6861,1,0.00
shp_328H_28,12.8027,77.6861,2,0.00
shp_328H_28,12.7098,77.696,3,10.39
shp_328H_28,13.069,77.799,4,51.86
shp_328H_28,12.8615,77.6965,5,77.47
shp_328H_28,13.069,77.799,6,103.07
shp_328H_28,12.8615,77.6965,7,128.68
shp_328H_28,13.069,77.799,8,154.29
shp_328H_28,12.7098,77.696,9,195.76
shp_328H_28,12.8027,77.6861,10,206.14
shp_328H_28,12.8027,77.6861,11,206.14
shp_328H_3,12.8027,77.6861,1,0.00
shp_328H_3,12.8027,77.6861,2,0.00
shp_328H_3,12.7098,77.696,3,10.39
shp_328H_3,13.069,77.799,4,51.86
shp_328H_3,12.8615,77.6965,5,77.47
shp_328H_3,13.069,77.799,6,103.07
shp_328H_3,12.8615,77.6965,7,128.68
shp_328H_3,13.069,77.799,8,154.29
shp_328H_3,12.7098,77.696,9,195.76
shp_328H_3,12.8027,77.6861,10,206.14
shp_328H_3,12.8027,77.6861,11,206.14
shp_328H_4,12.8027,77.6861,1,0.00
shp_328H_4,12.8615,77.6965,2,6.63
shp_328H_4,13.069,77.799,3,32.24
shp_328H_4,12.8615,77.6965,4,57.85
shp_328H_4,13.069,77.799,5,83.46
shp_328H_4,12.8615,77.6965,6,109.06
shp_328H_4,12.8027,77.6861,7,115.70
shp_328H_4,13.069,77.799,8,147.74
shp_328H_4,12.8615,77.6965,9,173.34
shp_328H_4,12.895,77.72,10,177.86
shp_328H_4,12.8615,77.6965,11,182.37
shp_328H_4,12.8027,77.6861,12,189.00
shp_328H_6,12.8027,77.6861,1,0.00
shp_328H_6,12.8615,77.6965,2,6.63
shp_328H_6,12.8027,77.6861,3,13.27
shp_328H_6,13.069,77.799,4,45.31
shp_328H_6,12.8615,77.6965,5,70.92
shp_328H_6,12.895,77.72,6,75.43
shp_328H_6,12.8615,77.6965,7,79.94
shp_328H_6,13.069,77.799,8,105.55
shp_328H_6,12.8615,77.6965,9,131.16
shp_328H_6,13.069,77.799,10,156.76
shp_328H_6,12.8615,77.6965,11,182.37
shp_328H_6,12.8027,77.6861,12,189.00
shp_328H_7,12.8027,77.6861,1,0.00
shp_328H_7,12.8615,77.6965,2,6.63
shp_328H_7,13.069,77.799,3,32.24
shp_328H_7,12.8615,77.6965,4,57.85
shp_328H_7,13.069,77.799,5,83.46
shp_328H_7,12.8615,77.6965,6,109.06
shp_328H_7,12.8027,77.6861,7,115.70
shp_328H_7,13.069,77.799,8,147.74
shp_328H_7,12.8615,77.6965,9,173.34
shp_328H_7,12.895,77.72,10,177.86
shp_328H_7,12.8615,77.6965,11,182.37
shp_328H_7,12.8027,77.6861,12,189.00
shp_328H_8,12.8027,77.6861,1,0.00
shp_328H_8,12.8615,77.6965,2,6.63
shp_328H_8,13.069,77.799,3,32.24
shp_328H_8,12.8615,77.6965,4,57.85
shp_328H_8,13.069,77.799,5,83.46
shp_328H_8,12.8615,77.6965,6,109.06
shp_328H_8,12.8027,77.6861,7,115.70
shp_328H_8,13.069,77.799,8,147.74
shp_328H_8,12.8615,77.6965,9,173.34
shp_328H_8,12.895,77.72,10,177.86
shp_328H_8,12.8615,77.6965,11,182.37
shp_328H_8,12.8027,77.6861,12,189.00
shp_328H_9,12.8027,77.6861,1,0.00
shp_328H_9,12.8027,77.6861,2,0.00
shp_328H_9,12.7098,77.696,3,10.39
shp_328H_9,13.069,77.799,4,51.86
shp_328H_9,12.8615,77.6965,5,77.47
shp_328H_9,13.069,77.799,6,103.07
shp_328H_9,12.8615,77.6965,7,128.68
shp_328H_9,13.069,77.799,8,154.29
shp_328H_9,12.7098,77.696,9,195.76
shp_328H_9,12.8027,77.6861,10,206.14
shp_356Z_3,12.8027,77.6861,1,0.00
shp_356Z_3,12.8027,77.6861,2,0.00
shp_356Z_3,12.7098,77.696,3,10.39
shp_356Z_3,12.8027,77.6861,4,20.77
shp_356Z_3,12.7098,77.696,5,31.16
shp_356Z_3,12.8027,77.6861,6,41.54
shp_356Z_3,12.7098,77.696,7,51.93
shp_356Z_3,12.8027,77.6861,8,62.31
shp_356Z_3,12.7098,77.696,9,72.70
shp_356Z_3,12.8027,77.6861,10,83.09
shp_356Z_3,12.7098,77.696,11,93.47
shp_356Z_3,12.8027,77.6861,12,103.86
shp_356Z_3,12.7098,77.696,13,114.24
shp_356Z_3,12.8027,77.6861,14,124.63
shp_356Z_3,12.8027,77.6861,15,124.63
shp_356Z_3,12.8027,77.6861,16,124.63
shp_356Z_3,12.7098,77.696,17,135.01
shp_356Z_3,12.8027,77.6861,18,145.40
shp_356Z_3,12.7098,77.696,19,155.78
shp_356Z_3,12.8027,77.6861,20,166.17
shp_356Z_3,12.7098,77.696,21,176.56
shp_356Z_3,12.8027,77.6861,22,186.94
shp_356Z_3,12.7098,77.696,23,197.33
shp_356Z_3,12.8027,77.6861,24,207.71
shp_356Z_3,12.7098,77.696,25,218.10
shp_356Z_3,12.8027,77.6861,26,228.48
shp_356Z_3,12.8027,77.6861,27,228.48
shp_356Z_6,12.8027,77.6861,1,0.00
shp_356Z_6,12.8027,77.6861,2,0.00
shp_356Z_6,12.7098,77.696,3,10.39
shp_356Z_6,12.8027,77.6861,4,20.77
shp_356Z_6,12.7098,77.696,5,31.16
shp_356Z_6,12.8027,77.6861,6,41.54
shp_356Z_6,12.7098,77.696,7,51.93
shp_356Z_6,12.8027,77.6861,8,62.31
shp_356Z_6,12.7098,77.696,9,72.70
shp_356Z_6,12.8027,77.6861,10,83.09
shp_356Z_6,12.7098,77.696,11,93.47
shp_356Z_6,12.8027,77.6861,12,103.86
shp_356Z_6,12.7098,77.696,13,114.24
shp_356Z_6,12.8027,77.6861,14,124.63
shp_356Z_6,12.8027,77.6861,15,124.63
shp_356Z_7,12.8027,77.6861,1,0.00
shp_356Z_7,12.8027,77.6861,2,0.00
shp_356Z_7,12.7098,77.696,3,10.39
shp_356Z_7,12.8027,77.6861,4,20.77
shp_356Z_7,12.7098,77.696,5,31.16
shp_356Z_7,12.8027,77.6861,6,41.54
shp_356Z_7,12.7098,77.696,7,51.93
shp_356Z_7,12.8027,77.6861,8,62.31
shp_356Z_7,12.7098,77.696,9,72.70
shp_356Z_7,12.8027,77.6861,10,83.09
shp_356Z_7,12.7098,77.696,11,93.47
shp_356Z_7,12.8027,77.6861,12,103.86
shp_356Z_7,12.7098,77.696,13,114.24
shp_356Z_7,12.8027,77.6861,14,124.63
shp_356Z_7,12.8027,77.6861,15,124.63
shp_356Z_8,12.8027,77.6861,1,0.00
shp_356Z_8,12.8027,77.6861,2,0.00
shp_356Z_8,12.7098,77.696,3,10.39
shp_356Z_8,12.8027,77.6861,4,20.77
shp_356Z_8,12.7098,77.696,5,31.16
shp_356Z_8,12.8027,77.6861,6,41.54
shp_356Z_8,12.7098,77.696,7,51.93
shp_356Z_8,12.8027,77.6861,8,62.31
shp_356Z_8,12.7098,77.696,9,72.70
shp_356Z_8,12.8027,77.6861,10,83.09
shp_356Z_8,12.7098,77.696,11,93.47
shp_356Z_8,12.8027,77.6861,12,103.86
shp_356Z_8,12.7098,77.696,13,114.24
shp_356Z_8,12.8027,77.6861,14,124.63
shp_356Z_8,12.8027,77.6861,15,124.63
shp_356Z_8,12.8027,77.6861,16,124.63
shp_356Z_8,12.7098,77.696,17,135.01
shp_356Z_8,12.8027,77.6861,18,145.40
shp_356Z_8,12.7098,77.696,19,155.78
shp_356Z_8,12.8027,77.6861,20,166.17
shp_356Z_8,12.7098,77.696,21,176.56
shp_356Z_8,12.8027,77.6861,22,186.94
shp_356Z_8,12.7098,77.696,23,197.33
shp_356Z_8,12.8027,77.6861,24,207.71
shp_356Z_8,12.7098,77.696,25,218.10
shp_356Z_8,12.8027,77.6861,26,228.48
shp_356Z_8,12.8027,77.6861,27,228.48
shp_360K_10,12.8027,77.6861,1,0.00
shp_360K_10,12.8615,77.6965,2,6.63
shp_360K_10,12.8027,77.6861,3,13.27
shp_360K_10,12.9775,77.5714,4,36.34
shp_360K_10,12.8615,77.6965,5,55.06
shp_360K_10,12.9775,77.5714,6,73.77
shp_360K_10,12.8615,77.6965,7,92.48
shp_360K_10,12.8027,77.6861,8,99.12
shp_360K_11,12.8027,77.6861,1,0.00
shp_360K_11,12.8615,77.6965,2,6.63
shp_360K_11,12.8027,77.6861,3,13.27
shp_360K_11,12.9775,77.5714,4,36.34
shp_360K_11,12.8615,77.6965,5,55.06
shp_360K_11,12.9775,77.5714,6,73.77
shp_360K_11,12.8615,77.6965,7,92.48
shp_360K_11,12.8027,77.6861,8,99.12
shp_360K_12,12.8027,77.6861,1,0.00
shp_360K_12,12.8615,77.6965,2,6.63
shp_360K_12,12.8027,77.6861,3,13.27
shp_360K_12,12.9775,77.5714,4,36.34
shp_360K_12,12.8615,77.6965,5,55.06
shp_360K_12,12.9775,77.5714,6,73.77
shp_360K_12,12.8615,77.6965,7,92.48
shp_360K_12,12.8027,77.6861,8,99.12
shp_360K_15,12.8027,77.6861,1,0.00
shp_360K_15,12.9775,77.5714,2,23.07
shp_360K_15,12.8027,77.6861,3,46.15
shp_360K_15,12.9775,77.5714,4,69.22
shp_360K_15,12.8027,77.6861,5,92.29
shp_360K_20,12.8027,77.6861,1,0.00
shp_360K_20,12.8615,77.6965,2,6.63
shp_360K_20,12.8027,77.6861,3,13.27
shp_360K_20,12.9775,77.5714,4,36.34
shp_360K_20,12.8615,77.6965,5,55.06
shp_360K_20,12.9775,77.5714,6,73.77
shp_360K_20,12.8615,77.6965,7,92.48
shp_360K_20,12.8027,77.6861,8,99.12
shp_360K_26,12.8027,77.6861,1,0.00
shp_360K_26,12.8615,77.6965,2,6.63
shp_360K_26,12.8027,77.6861,3,13.27
shp_360K_26,12.9775,77.5714,4,36.34
shp_360K_26,12.8615,77.6965,5,55.06
shp_360K_26,12.9775,77.5714,6,73.77
shp_360K_26,12.8615,77.6965,7,92.48
shp_360K_26,12.8027,77.6861,8,99.12
shp_360K_3,12.8027,77.6861,1,0.00
shp_360K_3,12.9775,77.5714,2,23.07
shp_360K_3,12.8027,77.6861,3,46.15
shp_360K_3,12.9775,77.5714,4,69.22
shp_360K_3,12.8027,77.6861,5,92.29
shp_360K_30,12.8027,77.6861,1,0.00
shp_360K_30,12.9775,77.5714,2,23.07
shp_360K_30,12.8027,77.6861,3,46.15
shp_360K_30,12.9775,77.5714,4,69.22
shp_360K_30,12.8027,77.6861,5,92.29
shp_360K_33,12.8027,77.6861,1,0.00
shp_360K_33,12.8615,77.6965,2,6.63
shp_360K_33,12.8027,77.6861,3,13.27
shp_360K_33,12.9775,77.5714,4,36.34
shp_360K_33,12.8615,77.6965,5,55.06
shp_360K_33,12.9775,77.5714,6,73.77
shp_360K_33,12.8615,77.6965,7,92.48
shp_360K_33,12.8027,77.6861,8,99.12
shp_360K_34,12.8027,77.6861,1,0.00
shp_360K_34,12.8615,77.6965,2,6.63
shp_360K_34,12.8027,77.6861,3,13.27
shp_360K_34,12.9775,77.5714,4,36.34
shp_360K_34,12.8615,77.6965,5,55.06
shp_360K_34,12.9775,77.5714,6,73.77
shp_360K_34,12.8615,77.6965,7,92.48
shp_360K_34,12.8027,77.6861,8,99.12
shp_360K_38,12.8027,77.6861,1,0.00
shp_360K_38,12.9775,77.5714,2,23.07
shp_360K_38,12.8027,77.6861,3,46.15
shp_360K_38,12.9775,77.5714,4,69.22
shp_360K_38,12.8027,77.6861,5,92.29
shp_360K_4,12.8027,77.6861,1,0.00
shp_360K_4,12.9775,77.5714,2,23.07
shp_360K_4,12.8027,77.6861,3,46.15
shp_360K_4,12.9775,77.5714,4,69.22
shp_360K_4,12.8027,77.6861,5,92.29
shp_360K_5,12.8027,77.6861,1,0.00
shp_360K_5,12.8615,77.6965,2,6.63
shp_360K_5,12.8027,77.6861,3,13.27
shp_360K_5,12.9775,77.5714,4,36.34
shp_360K_5,12.8615,77.6965,5,55.06
shp_360K_5,12.9775,77.5714,6,73.77
shp_360K_5,12.8615,77.6965,7,92.48
shp_360K_5,12.8027,77.6861,8,99.12
shp_361C_1,12.8027,77.6861,1,0.00
shp_361C_1,12.8027,77.6861,2,0.00
shp_361C_1,12.7098,77.696,3,10.39
shp_361C_1,12.756,77.489,4,33.42
shp_361C_1,12.7098,77.696,5,56.45
shp_361C_1,12.9775,77.5714,6,89.14
shp_361C_1,12.7098,77.696,7,121.83
shp_361C_1,12.756,77.489,8,144.86
shp_361C_1,12.7098,77.696,9,167.89
shp_361C_1,12.8027,77.6861,10,178.27
shp_361C_1,12.8027,77.6861,11,178.27
shp_361C_11,12.8027,77.6861,1,0.00
shp_361C_11,12.8027,77.6861,2,0.00
shp_361C_11,12.7098,77.696,3,10.39
shp_361C_11,12.756,77.489,4,33.42
shp_361C_11,12.7098,77.696,5,56.45
shp_361C_11,12.9775,77.5714,6,89.14
shp_361C_11,12.7098,77.696,7,121.83
shp_361C_11,12.756,77.489,8,144.86
shp_361C_11,12.7098,77.696,9,167.89
shp_361C_11,12.8027,77.6861,10,178.27
shp_361C_11,12.8027,77.6861,11,178.27
shp_361C_2,12.8027,77.6861,1,0.00
shp_361C_2,12.8027,77.6861,2,0.00
shp_361C_2,12.7098,77.696,3,10.39
shp_361C_2,12.756,77.489,4,33.42
shp_361C_2,12.7098,77.696,5,56.45
shp_361C_2,12.9775,77.5714,6,89.14
shp_361C_2,12.7098,77.696,7,121.83
shp_361C_2,12.756,77.489,8,144.86
shp_361C_2,12.7098,77.696,9,167.89
shp_361C_2,12.8027,77.6861,10,178.27
shp_361C_2,12.8027,77.6861,11,178.27
shp_361C_3,12.8027,77.6861,1,0.00
shp_361C_3,12.8027,77.6861,2,0.00
shp_361C_3,12.7098,77.696,3,10.39
shp_361C_3,12.756,77.489,4,33.42
shp_361C_3,12.7098,77.696,5,56.45
shp_361C_3,12.9775,77.5714,6,89.14
shp_361C_3,12.7098,77.696,7,121.83
shp_361C_3,12.756,77.489,8,144.86
shp_361C_3,12.7098,77.696,9,167.89
shp_361C_3,12.8027,77.6861,10,178.27
shp_361C_3,12.8027,77.6861,11,178.27
shp_361C_4,12.8027,77.6861,1,0.00
shp_361C_4,12.8027,77.6861,2,0.00
shp_361C_4,12.7098,77.696,3,10.39
shp_361C_4,12.756,77.489,4,33.42
shp_361C_4,12.7098,77.696,5,56.45
shp_361C_4,12.9775,77.5714,6,89.14
shp_361C_4,12.7098,77.696,7,121.83
shp_361C_4,12.756,77.489,8,144.86
shp_361C_4,12.7098,77.696,9,167.89
shp_361C_4,12.8027,77.6861,10,178.27
shp_361C_4,12.8027,77.6861,11,178.27
shp_361C_6,12.8027,77.6861,1,0.00
shp_361C_6,12.8027,77.6861,2,0.00
shp_361C_6,12.7098,77.696,3,10.39
shp_361C_6,12.756,77.489,4,33.42
shp_361C_6,12.7098,77.696,5,56.45
shp_361C_6,12.9775,77.5714,6,89.14
shp_361C_6,12.7098,77.696,7,121.83
shp_361C_6,12.756,77.489,8,144.86
shp_361C_6,12.7098,77.696,9,167.89
shp_361C_6,12.8027,77.6861,10,178.27
shp_361C_6,12.8027,77.6861,11,178.27
shp_361C_7,12.8027,77.6861,1,0.00
shp_361C_7,12.8027,77.6861,2,0.00
shp_361C_7,12.7098,77.696,3,10.39
shp_361C_7,12.756,77.489,4,33.42
shp_361C_7,12.7098,77.696,5,56.45
shp_361C_7,12.9775,77.5714,6,89.14
shp_361C_7,12.7098,77.696,7,121.83
shp_361C_7,12.756,77.489,8,144.86
shp_361C_7,12.7098,77.696,9,167.89
shp_361C_7,12.8027,77.6861,10,178.27
shp_361C_7,12.8027,77.6861,11,178.27
shp_361C_8,12.8027,77.6861,1,0.00
shp_361C_8,12.8027,77.6861,2,0.00
shp_361C_8,12.7098,77.696,3,10.39
shp_361C_8,12.756,77.489,4,33.42
shp_361C_8,12.7098,77.696,5,56.45
shp_361C_8,12.9775,77.5714,6,89.14
shp_361C_8,12.7098,77.696,7,121.83
shp_361C_8,12.756,77.489,8,144.86
shp_361C_8,12.7098,77.696,9,167.89
shp_361C_8,12.8027,77.6861,10,178.27
shp_361C_8,12.8027,77.6861,11,178.27
shp_361C_9,12.8027,77.6861,1,0.00
shp_361C_9,12.8027,77.6861,2,0.00
shp_361C_9,12.7098,77.696,3,10.39
shp_361C_9,12.756,77.489,4,33.42
shp_361C_9,12.7098,77.696,5,56.45
shp_361C_9,12.9775,77.5714,6,89.14
shp_361C_9,12.7098,77.696,7,121.83
shp_361C_9,12.756,77.489,8,144.86
shp_361C_9,12.7098,77.696,9,167.89
shp_361C_9,12.8027,77.6861,10,178.27
shp_361C_9,12.8027,77.6861,11,178.27
shp_399C_3,12.8027,77.6861,1,0.00
shp_399C_3,12.8035,77.6855,2,0.11
shp_399C_3,12.7098,77.696,3,10.59
shp_399C_3,12.8035,77.6855,4,21.07
shp_399C_3,13.069,77.799,5,53.05
shp_399C_3,12.8035,77.6855,6,85.04
shp_399C_3,12.7098,77.696,7,95.52
shp_399C_3,12.8035,77.6855,8,106.00
shp_399C_3,12.8027,77.6861,9,106.11
shp_399C_4,12.8027,77.6861,1,0.00
shp_399C_4,12.8035,77.6855,2,0.11
shp_399C_4,12.7098,77.696,3,10.59
shp_399C_4,12.8035,77.6855,4,21.07
shp_399C_4,13.069,77.799,5,53.05
shp_399C_4,12.8035,77.6855,6,85.04
shp_399C_4,12.7098,77.696,7,95.52
shp_399C_4,12.8035,77.6855,8,106.00
shp_399C_4,12.8027,77.6861,9,106.11
shp_399C_5,12.8027,77.6861,1,0.00
shp_399C_5,12.8035,77.6855,2,0.11
shp_399C_5,12.7098,77.696,3,10.59
shp_399C_5,12.9775,77.5714,4,43.28
shp_399C_5,12.8027,77.6861,5,66.35
shp_399C_5,12.8035,77.6855,6,66.46
shp_399C_5,12.7098,77.696,7,76.94
shp_399C_5,12.8035,77.6855,8,87.42
shp_399C_5,12.8027,77.6861,9,87.54
shp_399C_6,12.8027,77.6861,1,0.00
shp_399C_6,12.8035,77.6855,2,0.11
shp_399C_6,12.7098,77.696,3,10.59
shp_399C_6,12.9775,77.5714,4,43.28
shp_399C_6,12.8027,77.6861,5,66.35
shp_399C_6,12.8035,77.6855,6,66.46
shp_399C_6,12.7098,77.696,7,76.94
shp_399C_6,12.8035,77.6855,8,87.42
shp_399C_6,12.8027,77.6861,9,87.54
shp_500DC_12,12.8027,77.6861,1,0.00
shp_500DC_12,13.0425,77.5926,2,28.53
shp_500DC_12,12.805,77.687,3,56.85
shp_500DC_12,13.0108,77.6617,4,79.89
shp_500DC_12,12.8027,77.6861,5,103.18
shp_500DC_12,12.805,77.687,6,103.46
shp_500DC_12,13.0108,77.6617,7,126.51
shp_500DC_12,12.8027,77.6861,8,149.80
shp_500DC_13,12.8027,77.6861,1,0.00
shp_500DC_13,13.0425,77.5926,2,28.53
shp_500DC_13,12.805,77.687,3,56.85
shp_500DC_13,13.0108,77.6617,4,79.89
shp_500DC_13,12.8027,77.6861,5,103.18
shp_500DC_13,12.805,77.687,6,103.46
shp_500DC_13,13.0108,77.6617,7,126.51
shp_500DC_13,12.8027,77.6861,8,149.80
shp_500DC_14,12.8027,77.6861,1,0.00
shp_500DC_14,13.0425,77.5926,2,28.53
shp_500DC_14,12.8027,77.6861,3,57.05
shp_500DC_14,12.805,77.687,4,57.32
shp_500DC_14,13.0108,77.6617,5,80.37
shp_500DC_14,12.805,77.687,6,103.42
shp_500DC_14,13.0108,77.6617,7,126.47
shp_500DC_14,12.8027,77.6861,8,149.76
shp_500DC_15,12.8027,77.6861,1,0.00
shp_500DC_15,13.0425,77.5926,2,28.53
shp_500DC_15,12.8027,77.6861,3,57.05
shp_500DC_15,12.805,77.687,4,57.32
shp_500DC_15,13.0108,77.6617,5,80.37
shp_500DC_15,12.805,77.687,6,103.42
shp_500DC_15,13.0108,77.6617,7,126.47
shp_500DC_15,12.8027,77.6861,8,149.76
shp_600F_16,12.8027,77.6861,1,0.00
shp_600F_16,12.9407,77.564,2,20.26
shp_600F_16,12.9,77.6,3,26.24
shp_600F_16,12.8027,77.6861,4,40.53
shp_600F_16,12.9407,77.564,5,60.79
shp_600F_16,12.8615,77.6965,6,77.64
shp_600F_16,12.9407,77.564,7,94.49
shp_600F_16,12.8027,77.6861,8,114.75
shp_600F_17,12.8027,77.6861,1,0.00
shp_600F_17,12.9407,77.564,2,20.26
shp_600F_17,12.8615,77.6965,3,37.11
shp_600F_17,12.9407,77.564,4,53.96
shp_600F_17,12.9,77.6,5,59.93
shp_600F_17,12.8027,77.6861,6,74.22
shp_600F_17,12.9407,77.564,7,94.49
shp_600F_17,12.8027,77.6861,8,114.75
shp_600F_21,12.8027,77.6861,1,0.00
shp_600F_21,12.9407,77.564,2,20.26
shp_600F_21,12.8615,77.6965,3,37.11
shp_600F_21,12.9407,77.564,4,53.96
shp_600F_21,12.9,77.6,5,59.93
shp_600F_21,12.8027,77.6861,6,74.22
shp_600F_21,12.9407,77.564,7,94.49
shp_600F_21,12.8027,77.6861,8,114.75
shp_600F_26,12.8027,77.6861,1,0.00
shp_600F_26,12.9407,77.564,2,20.26
shp_600F_26,12.9,77.6,3,26.24
shp_600F_26,12.8027,77.6861,4,40.53
shp_600F_26,12.9407,77.564,5,60.79
shp_600F_26,12.8615,77.6965,6,77.64
shp_600F_26,12.9407,77.564,7,94.49
shp_600F_26,12.8027,77.6861,8,114.75
shp_600F_27,12.8027,77.6861,1,0.00
shp_600F_27,12.9407,77.564,2,20.26
shp_600F_27,12.8615,77.6965,3,37.11
shp_600F_27,12.9407,77.564,4,53.96
shp_600F_27,12.9,77.6,5,59.93
shp_600F_27,12.8027,77.6861,6,74.22
shp_600F_27,12.9407,77.564,7,94.49
shp_600F_27,12.8027,77.6861,8,114.75
shp_600F_3,12.8027,77.6861,1,0.00
shp_600F_3,12.9407,77.564,2,20.26
shp_600F_3,12.9,77.6,3,26.24
shp_600F_3,12.8027,77.6861,4,40.53
shp_600F_3,12.9407,77.564,5,60.79
shp_600F_3,12.8615,77.6965,6,77.64
shp_600F_3,12.9407,77.564,7,94.49
shp_600F_3,12.8027,77.6861,8,114.75
shp_600F_31,12.8027,77.6861,1,0.00
shp_600F_31,12.9407,77.564,2,20.26
shp_600F_31,12.8615,77.6965,3,37.11
shp_600F_31,12.9407,77.564,4,53.96
shp_600F_31,12.9,77.6,5,59.93
shp_600F_31,12.8027,77.6861,6,74.22
shp_600F_31,12.9407,77.564,7,94.49
shp_600F_31,12.8027,77.6861,8,114.75
shp_600F_32,12.8027,77.6861,1,0.00
shp_600F_32,12.8615,77.6965,2,6.63
shp_600F_32,12.9407,77.564,3,23.48
shp_600F_32,12.8615,77.6965,4,40.33
shp_600F_32,12.9407,77.564,5,57.17
shp_600F_32,12.8027,77.6861,6,77.44
shp_600F_32,12.9407,77.564,7,97.70
shp_600F_32,12.8615,77.6965,8,114.55
shp_600F_32,12.9407,77.564,9,131.40
shp_600F_32,12.8615,77.6965,10,148.24
shp_600F_32,12.8027,77.6861,11,154.88
shp_600F_42,12.8027,77.6861,1,0.00
shp_600F_42,12.9407,77.564,2,20.26
shp_600F_42,12.9,77.6,3,26.24
shp_600F_42,12.8027,77.6861,4,40.53
shp_600F_42,12.9407,77.564,5,60.79
shp_600F_42,12.8615,77.6965,6,77.64
shp_600F_42,12.9407,77.564,7,94.49
shp_600F_42,12.8027,77.6861,8,114.75
shp_600F_43,12.8027,77.6861,1,0.00
shp_600F_43,12.9407,77.564,2,20.26
shp_600F_43,12.8615,77.6965,3,37.11
shp_600F_43,12.9407,77.564,4,53.96
shp_600F_43,12.9,77.6,5,59.93
shp_600F_43,12.8027,77.6861,6,74.22
shp_600F_43,12.9407,77.564,7,94.49
shp_600F_43,12.8027,77.6861,8,114.75
shp_600F_45,12.8027,77.6861,1,0.00
shp_600F_45,12.9407,77.564,2,20.26
shp_600F_45,12.9,77.6,3,26.24
shp_600F_45,12.8027,77.6861,4,40.53
shp_600F_45,12.9407,77.564,5,60.79
shp_600F_45,12.8615,77.6965,6,77.64
shp_600F_45,12.9407,77.564,7,94.49
shp_600F_45,12.8027,77.6861,8,114.75
shp_600F_49,12.8027,77.6861,1,0.00
shp_600F_49,12.8615,77.6965,2,6.63
shp_600F_49,12.9407,77.564,3,23.48
shp_600F_49,12.8615,77.6965,4,40.33
shp_600F_49,12.9407,77.564,5,57.17
shp_600F_49,12.8027,77.6861,6,77.44
shp_600F_49,12.9407,77.564,7,97.70
shp_600F_49,12.8615,77.6965,8,114.55
shp_600F_49,12.9407,77.564,9,131.40
shp_600F_49,12.8615,77.6965,10,148.24
shp_600F_49,12.8027,77.6861,11,154.88
shp_600F_5,12.8027,77.6861,1,0.00
shp_600F_5,12.8615,77.6965,2,6.63
shp_600F_5,12.9407,77.564,3,23.48
shp_600F_5,12.8615,77.6965,4,40.33
shp_600F_5,12.9407,77.564,5,57.17
shp_600F_5,12.8027,77.6861,6,77.44
shp_600F_5,12.9407,77.564,7,97.70
shp_600F_5,12.8615,77.6965,8,114.55
shp_600F_5,12.9407,77.564,9,131.40
shp_600F_5,12.8615,77.6965,10,148.24
shp_600F_5,12.8027,77.6861,11,154.88
shp_600F_51,12.8027,77.6861,1,0.00
shp_600F_51,12.8615,77.6965,2,6.63
shp_600F_51,12.9407,77.564,3,23.48
shp_600F_51,12.8615,77.6965,4,40.33
shp_600F_51,12.9407,77.564,5,57.17
shp_600F_51,12.8027,77.6861,6,77.44
shp_600F_51,12.9407,77.564,7,97.70
shp_600F_51,12.8615,77.6965,8,114.55
shp_600F_51,12.9407,77.564,9,131.40
shp_600F_51,12.8615,77.6965,10,148.24
shp_600F_51,12.8027,77.6861,11,154.88
shp_600F_52,12.8027,77.6861,1,0.00
shp_600F_52,12.8615,77.6965,2,6.63
shp_600F_52,12.9407,77.564,3,23.48
shp_600F_52,12.8615,77.6965,4,40.33
shp_600F_52,12.9407,77.564,5,57.17
shp_600F_52,12.8027,77.6861,6,77.44
shp_600F_52,12.9407,77.564,7,97.70
shp_600F_52,12.8615,77.6965,8,114.55
shp_600F_52,12.9407,77.564,9,131.40
shp_600F_52,12.8615,77.6965,10,148.24
shp_600F_52,12.8027,77.6861,11,154.88
shp_600F_53,12.8027,77.6861,1,0.00
shp_600F_53,12.8615,77.6965,2,6.63
shp_600F_53,12.9407,77.564,3,23.48
shp_600F_53,12.8615,77.6965,4,40.33
shp_600F_53,12.9407,77.564,5,57.17
shp_600F_53,12.8027,77.6861,6,77.44
shp_600F_53,12.8615,77.6965,7,84.07
shp_600F_53,12.9407,77.564,8,100.92
shp_600F_53,12.8615,77.6965,9,117.77
shp_600F_53,12.9407,77.564,10,134.61
shp_600F_53,12.8027,77.6861,11,154.88
shp_600F_57,12.8027,77.6861,1,0.00
shp_600F_57,12.8615,77.6965,2,6.63
shp_600F_57,12.9407,77.564,3,23.48
shp_600F_57,12.8615,77.6965,4,40.33
shp_600F_57,12.9407,77.564,5,57.17
shp_600F_57,12.8027,77.6861,6,77.44
shp_600F_57,12.9407,77.564,7,97.70
shp_600F_57,12.8615,77.6965,8,114.55
shp_600F_57,12.9407,77.564,9,131.40
shp_600F_57,12.8615,77.6965,10,148.24
shp_600F_57,12.8027,77.6861,11,154.88
shp_600F_6,12.8027,77.6861,1,0.00
shp_600F_6,12.8615,77.6965,2,6.63
shp_600F_6,12.9407,77.564,3,23.48
shp_600F_6,12.8615,77.6965,4,40.33
shp_600F_6,12.9407,77.564,5,57.17
shp_600F_6,12.8027,77.6861,6,77.44
shp_600F_6,12.9407,77.564,7,97.70
shp_600F_6,12.8615,77.6965,8,114.55
shp_600F_6,12.9407,77.564,9,131.40
shp_600F_6,12.8615,77.6965,10,148.24
shp_600F_6,12.8027,77.6861,11,154.88
shp_600F_66,12.8027,77.6861,1,0.00
shp_600F_66,12.8615,77.6965,2,6.63
shp_600F_66,12.9407,77.564,3,23.48
shp_600F_66,12.8615,77.6965,4,40.33
shp_600F_66,12.9407,77.564,5,57.17
shp_600F_66,12.8027,77.6861,6,77.44
shp_600F_66,12.8615,77.6965,7,84.07
shp_600F_66,12.9407,77.564,8,100.92
shp_600F_66,12.8615,77.6965,9,117.77
shp_600F_66,12.9407,77.564,10,134.61
shp_600F_66,12.8027,77.6861,11,154.88
shp_600F_67,12.8027,77.6861,1,0.00
shp_600F_67,12.8615,77.6965,2,6.63
shp_600F_67,12.9407,77.564,3,23.48
shp_600F_67,12.8615,77.6965,4,40.33
shp_600F_67,12.9407,77.564,5,57.17
shp_600F_67,12.9407,77.564,6,57.17
shp_600F_67,12.8615,77.6965,7,74.02
shp_600F_67,12.9407,77.564,8,90.87
shp_600F_67,12.8615,77.6965,9,107.71
shp_600F_67,12.8027,77.6861,10,114.35
shp_600F_68,12.8027,77.6861,1,0.00
shp_600F_68,12.8615,77.6965,2,6.63
shp_600F_68,12.9407,77.564,3,23.48
shp_600F_68,12.8615,77.6965,4,40.33
shp_600F_68,12.9407,77.564,5,57.17
shp_600F_68,12.8027,77.6861,6,77.44
shp_600F_68,12.9407,77.564,7,97.70
shp_600F_68,12.8615,77.6965,8,114.55
shp_600F_68,12.9407,77.564,9,131.40
shp_600F_68,12.8615,77.6965,10,148.24
shp_600F_68,12.8027,77.6861,11,154.88
shp_600F_69,12.8027,77.6861,1,0.00
shp_600F_69,12.8615,77.6965,2,6.63
shp_600F_69,12.9407,77.564,3,23.48
shp_600F_69,12.8615,77.6965,4,40.33
shp_600F_69,12.9407,77.564,5,57.17
shp_600F_69,12.8027,77.6861,6,77.44
shp_600F_69,12.9407,77.564,7,97.70
shp_600F_69,12.8615,77.6965,8,114.55
shp_600F_69,12.9407,77.564,9,131.40
shp_600F_69,12.8615,77.6965,10,148.24
shp_600F_69,12.8027,77.6861,11,154.88
shp_600F_72,12.8027,77.6861,1,0.00
shp_600F_72,12.8615,77.6965,2,6.63
shp_600F_72,12.9407,77.564,3,23.48
shp_600F_72,12.8615,77.6965,4,40.33
shp_600F_72,12.9407,77.564,5,57.17
shp_600F_72,12.8027,77.6861,6,77.44
shp_600F_72,12.9407,77.564,7,97.70
shp_600F_72,12.8615,77.6965,8,114.55
shp_600F_72,12.9407,77.564,9,131.40
shp_600F_72,12.8615,77.6965,10,148.24
shp_600F_72,12.8027,77.6861,11,154.88
shp_600F_74,12.8027,77.6861,1,0.00
shp_600F_74,12.8615,77.6965,2,6.63
shp_600F_74,12.9407,77.564,3,23.48
shp_600F_74,12.8615,77.6965,4,40.33
shp_600F_74,12.9407,77.564,5,57.17
shp_600F_74,12.8027,77.6861,6,77.44
shp_600F_74,12.9407,77.564,7,97.70
shp_600F_74,12.8615,77.6965,8,114.55
shp_600F_74,12.9407,77.564,9,131.40
shp_600F_74,12.8615,77.6965,10,148.24
shp_600F_74,12.8027,77.6861,11,154.88
shp_600F_75,12.8027,77.6861,1,0.00
shp_600F_75,12.8615,77.6965,2,6.63
shp_600F_75,12.9407,77.564,3,23.48
shp_600F_75,12.8615,77.6965,4,40.33
shp_600F_75,12.9407,77.564,5,57.17
shp_600F_75,12.8027,77.6861,6,77.44
shp_600F_75,12.9407,77.564,7,97.70
shp_600F_75,12.8615,77.6965,8,114.55
shp_600F_75,12.9407,77.564,9,131.40
shp_600F_75,12.8615,77.6965,10,148.24
shp_600F_75,12.8027,77.6861,11,154.88
shp_600F_78,12.8027,77.6861,1,0.00
shp_600F_78,12.8615,77.6965,2,6.63
shp_600F_78,12.9407,77.564,3,23.48
shp_600F_78,12.8615,77.6965,4,40.33
shp_600F_78,12.9407,77.564,5,57.17
shp_600F_78,12.8027,77.6861,6,77.44
shp_600F_78,12.9407,77.564,7,97.70
shp_600F_78,12.8615,77.6965,8,114.55
shp_600F_78,12.9407,77.564,9,131.40
shp_600F_78,12.8615,77.6965,10,148.24
shp_600F_78,12.8027,77.6861,11,154.88
shp_600F_79,12.8027,77.6861,1,0.00
shp_600F_79,12.8615,77.6965,2,6.63
shp_600F_79,12.9407,77.564,3,23.48
shp_600F_79,12.8615,77.6965,4,40.33
shp_600F_79,12.9407,77.564,5,57.17
shp_600F_79,12.8027,77.6861,6,77.44
shp_600F_79,12.9407,77.564,7,97.70
shp_600F_79,12.8615,77.6965,8,114.55
shp_600F_79,12.9407,77.564,9,131.40
shp_600F_79,12.8615,77.6965,10,148.24
shp_600F_79,12.8027,77.6861,11,154.88
shp_600F_8,12.8027,77.6861,1,0.00
shp_600F_8,12.8615,77.6965,2,6.63
shp_600F_8,12.9407,77.564,3,23.48
shp_600F_8,12.8615,77.6965,4,40.33
shp_600F_8,12.9407,77.564,5,57.17
shp_600F_8,12.8027,77.6861,6,77.44
shp_600F_8,12.9407,77.564,7,97.70
shp_600F_8,12.8615,77.6965,8,114.55
shp_600F_8,12.9407,77.564,9,131.40
shp_600F_8,12.8615,77.6965,10,148.24
shp_600F_8,12.8027,77.6861,11,154.88
shp_600F_80,12.8027,77.6861,1,0.00
shp_600F_80,12.8615,77.6965,2,6.63
shp_600F_80,12.9407,77.564,3,23.48
shp_600F_80,12.8615,77.6965,4,40.33
shp_600F_80,12.9407,77.564,5,57.17
shp_600F_80,12.8027,77.6861,6,77.44
shp_600F_81,12.8027,77.6861,1,0.00
shp_600F_81,12.8615,77.6965,2,6.63
shp_600F_81,12.9407,77.564,3,23.48
shp_600F_81,12.8615,77.6965,4,40.33
shp_600F_81,12.9407,77.564,5,57.17
shp_600F_81,12.8027,77.6861,6,77.44
shp_600F_81,12.9407,77.564,7,97.70
shp_600F_81,12.8615,77.6965,8,114.55
shp_600F_81,12.9407,77.564,9,131.40
shp_600F_81,12.8615,77.6965,10,148.24
shp_600F_81,12.8027,77.6861,11,154.88
shp_600F_91,12.8027,77.6861,1,0.00
shp_600F_91,12.8615,77.6965,2,6.63
shp_600F_91,12.9407,77.564,3,23.48
shp_600F_91,12.8615,77.6965,4,40.33
shp_600F_91,12.9407,77.564,5,57.17
shp_600F_91,12.8027,77.6861,6,77.44
shp_600F_91,12.9407,77.564,7,97.70
shp_600F_91,12.8615,77.6965,8,114.55
shp_600F_91,12.9407,77.564,9,131.40
shp_600F_91,12.8615,77.6965,10,148.24
shp_600F_91,12.8027,77.6861,11,154.88
shp_600F_92,12.8027,77.6861,1,0.00
shp_600F_92,12.8615,77.6965,2,6.63
shp_600F_92,12.9407,77.564,3,23.48
shp_600F_92,12.8615,77.6965,4,40.33
shp_600F_92,12.9407,77.564,5,57.17
shp_600F_92,12.8027,77.6861,6,77.44
shp_600F_92,12.9407,77.564,7,97.70
shp_600F_92,12.8615,77.6965,8,114.55
shp_600F_92,12.9407,77.564,9,131.40
shp_600F_92,12.8615,77.6965,10,148.24
shp_600F_92,12.8027,77.6861,11,154.88
shp_600F_93,12.8027,77.6861,1,0.00
shp_600F_93,12.8615,77.6965,2,6.63
shp_600F_93,12.9407,77.564,3,23.48
shp_600F_93,12.8615,77.6965,4,40.33
shp_600F_93,12.9407,77.564,5,57.17
shp_600F_93,12.8027,77.6861,6,77.44
shp_600F_93,12.9407,77.564,7,97.70
shp_600F_93,12.8615,77.6965,8,114.55
shp_600F_93,12.9407,77.564,9,131.40
shp_600F_93,12.8615,77.6965,10,148.24
shp_600F_93,12.8027,77.6861,11,154.88
shp_600F_94,12.8027,77.6861,1,0.00
shp_600F_94,12.8615,77.6965,2,6.63
shp_600F_94,12.9407,77.564,3,23.48
shp_600F_94,12.8615,77.6965,4,40.33
shp_600F_94,12.9407,77.564,5,57.17
shp_600F_94,12.8027,77.6861,6,77.44
shp_600F_94,12.9407,77.564,7,97.70
shp_600F_94,12.8615,77.6965,8,114.55
shp_600F_94,12.9407,77.564,9,131.40
shp_600F_94,12.8615,77.6965,10,148.24
shp_600F_94,12.8027,77.6861,11,154.88
shp_600F_95,12.8027,77.6861,1,0.00
shp_600F_95,12.8615,77.6965,2,6.63
shp_600F_95,12.9407,77.564,3,23.48
shp_600F_95,12.8615,77.6965,4,40.33
shp_600F_95,12.9407,77.564,5,57.17
shp_600F_95,12.8027,77.6861,6,77.44
shp_600F_95,12.9407,77.564,7,97.70
shp_600F_95,12.8615,77.6965,8,114.55
shp_600F_95,12.9407,77.564,9,131.40
shp_600F_95,12.8615,77.6965,10,148.24
shp_600F_95,12.8027,77.6861,11,154.88
shp_KBS3A_2,12.8027,77.6861,1,0.00
shp_KBS3A_2,12.8615,77.6965,2,6.63
shp_KBS3A_2,12.9775,77.5714,3,25.35
shp_KBS3A_2,12.8615,77.6965,4,44.06
shp_KBS3A_2,12.9775,77.5714,5,62.78
shp_KBS3A_2,12.8615,77.6965,6,81.49
shp_KBS3A_2,12.9775,77.5714,7,100.20
shp_KBS3A_2,12.8615,77.6965,8,118.92
shp_KBS3A_2,12.8027,77.6861,9,125.55
shp_KBS3A_20,12.8027,77.6861,1,0.00
shp_KBS3A_20,12.8615,77.6965,2,6.63
shp_KBS3A_20,12.9775,77.5714,3,25.35
shp_KBS3A_20,12.8615,77.6965,4,44.06
shp_KBS3A_20,12.9775,77.5714,5,62.78
shp_KBS3A_20,12.8615,77.6965,6,81.49
shp_KBS3A_20,12.9775,77.5714,7,100.20
shp_KBS3A_20,12.8615,77.6965,8,118.92
shp_KBS3A_20,12.8027,77.6861,9,125.55
shp_KBS3A_23,12.8027,77.6861,1,0.00
shp_KBS3A_23,12.8615,77.6965,2,6.63
shp_KBS3A_23,12.9775,77.5714,3,25.35
shp_KBS3A_23,12.8615,77.6965,4,44.06
shp_KBS3A_23,12.9775,77.5714,5,62.78
shp_KBS3A_23,12.8615,77.6965,6,81.49
shp_KBS3A_23,12.9775,77.5714,7,100.20
shp_KBS3A_23,12.8615,77.6965,8,118.92
shp_KBS3A_23,12.8027,77.6861,9,125.55
shp_KBS3A_25,12.8027,77.6861,1,0.00
shp_KBS3A_25,12.8615,77.6965,2,6.63
shp_KBS3A_25,12.8027,77.6861,3,13.27
shp_KBS3A_25,12.9775,77.5714,4,36.34
shp_KBS3A_25,12.8615,77.6965,5,55.06
shp_KBS3A_25,12.9775,77.5714,6,73.77
shp_KBS3A_25,12.8615,77.6965,7,92.48
shp_KBS3A_25,12.8027,77.6861,8,99.12
shp_KBS3A_26,12.8027,77.6861,1,0.00
shp_KBS3A_26,12.8615,77.6965,2,6.63
shp_KBS3A_26,12.9775,77.5714,3,25.35
shp_KBS3A_26,12.8615,77.6965,4,44.06
shp_KBS3A_26,12.9775,77.5714,5,62.78
shp_KBS3A_26,12.8615,77.6965,6,81.49
shp_KBS3A_26,12.9775,77.5714,7,100.20
shp_KBS3A_26,12.8615,77.6965,8,118.92
shp_KBS3A_26,12.8027,77.6861,9,125.55
shp_KBS3A_32,12.8027,77.6861,1,0.00
shp_KBS3A_32,12.8615,77.6965,2,6.63
shp_KBS3A_32,12.8027,77.6861,3,13.27
shp_KBS3A_32,12.9775,77.5714,4,36.34
shp_KBS3A_32,12.8615,77.6965,5,55.06
shp_KBS3A_32,12.9775,77.5714,6,73.77
shp_KBS3A_32,12.8615,77.6965,7,92.48
shp_KBS3A_32,12.8027,77.6861,8,99.12
shp_KBS3A_34,12.8027,77.6861,1,0.00
shp_KBS3A_34,12.8615,77.6965,2,6.63
shp_KBS3A_34,12.8027,77.6861,3,13.27
shp_KBS3A_34,12.9775,77.5714,4,36.34
shp_KBS3A_34,12.8615,77.6965,5,55.06
shp_KBS3A_34,12.9775,77.5714,6,73.77
shp_KBS3A_34,12.8615,77.6965,7,92.48
shp_KBS3A_35,12.8615,77.6965,1,0.00
shp_KBS3A_35,12.8027,77.6861,2,6.63
shp_KBS3A_35,12.8615,77.6965,3,13.27
shp_KBS3A_35,12.8027,77.6861,4,19.90
shp_KBS3A_35,12.9775,77.5714,5,42.98
shp_KBS3A_35,12.8615,77.6965,6,61.69
shp_KBS3A_35,12.9775,77.5714,7,80.40
shp_KBS3A_35,12.8615,77.6965,8,99.12
shp_KBS3A_35,12.8027,77.6861,9,105.75
shp_KBS3A_36,12.8027,77.6861,1,0.00
shp_KBS3A_36,12.8615,77.6965,2,6.63
shp_KBS3A_36,12.8027,77.6861,3,13.27
shp_KBS3A_36,12.9775,77.5714,4,36.34
shp_KBS3A_36,12.8615,77.6965,5,55.06
shp_KBS3A_36,12.9775,77.5714,6,73.77
shp_KBS3A_36,12.8615,77.6965,7,92.48
shp_KBS3A_36,12.8027,77.6861,8,99.12
shp_KBS3A_40,12.8027,77.6861,1,0.00
shp_KBS3A_40,12.8615,77.6965,2,6.63
shp_KBS3A_40,12.8027,77.6861,3,13.27
shp_KBS3A_40,12.9775,77.5714,4,36.34
shp_KBS3A_40,12.8615,77.6965,5,55.06
shp_KBS3A_40,12.9775,77.5714,6,73.77
shp_KBS3A_40,12.8615,77.6965,7,92.48
shp_KBS3A_40,12.8027,77.6861,8,99.12
shp_KBS3A_43,12.8027,77.6861,1,0.00
shp_KBS3A_43,12.8615,77.6965,2,6.63
shp_KBS3A_43,12.8027,77.6861,3,13.27
shp_KBS3A_43,12.9775,77.5714,4,36.34
shp_KBS3A_43,12.8615,77.6965,5,55.06
shp_KBS3A_43,12.9775,77.5714,6,73.77
shp_KBS3A_43,12.8615,77.6965,7,92.48
shp_KBS3A_43,12.8027,77.6861,8,99.12
shp_KBS3A_46,12.8027,77.6861,1,0.00
shp_KBS3A_46,12.8615,77.6965,2,6.63
shp_KBS3A_46,12.8027,77.6861,3,13.27
shp_KBS3A_46,12.9775,77.5714,4,36.34
shp_KBS3A_46,12.8615,77.6965,5,55.06
shp_KBS3A_46,12.9775,77.5714,6,73.77
shp_KBS3A_46,12.8615,77.6965,7,92.48
shp_KBS3A_46,12.8027,77.6861,8,99.12
shp_KBS3A_61,12.8027,77.6861,1,0.00
shp_KBS3A_61,12.8615,77.6965,2,6.63
shp_KBS3A_61,12.8027,77.6861,3,13.27
shp_KBS3A_61,12.9775,77.5714,4,36.34
shp_KBS3A_61,12.8615,77.6965,5,55.06
shp_KBS3A_61,12.9775,77.5714,6,73.77
shp_KBS3A_61,12.8615,77.6965,7,92.48
shp_KBS3A_61,12.8027,77.6861,8,99.12
shp_KBS3A_66,12.8027,77.6861,1,0.00
shp_KBS3A_66,12.8615,77.6965,2,6.63
shp_KBS3A_66,12.8027,77.6861,3,13.27
shp_KBS3A_66,12.9775,77.5714,4,36.34
shp_KBS3A_66,12.8615,77.6965,5,55.06
shp_KBS3A_66,12.9775,77.5714,6,73.77
shp_KBS3A_66,12.8615,77.6965,7,92.48
shp_KBS3A_66,12.8027,77.6861,8,99.12
shp_KBS3A_73,12.8027,77.6861,1,0.00
shp_KBS3A_73,12.8615,77.6965,2,6.63
shp_KBS3A_73,12.8027,77.6861,3,13.27
shp_KBS3A_73,12.9775,77.5714,4,36.34
shp_KBS3A_73,12.8615,77.6965,5,55.06
shp_KBS3A_73,12.9775,77.5714,6,73.77
shp_KBS3A_73,12.8615,77.6965,7,92.48
shp_KBS3A_73,12.8027,77.6861,8,99.12
shp_KBS3A_77,12.8027,77.6861,1,0.00
shp_KBS3A_77,12.8615,77.6965,2,6.63
shp_KBS3A_77,12.9775,77.5714,3,25.35
shp_KBS3A_77,12.8615,77.6965,4,44.06
shp_KBS3A_77,12.9775,77.5714,5,62.78
shp_KBS3A_77,12.8615,77.6965,6,81.49
shp_KBS3A_77,12.9775,77.5714,7,100.20
shp_KBS3A_77,12.8615,77.6965,8,118.92
shp_KBS3A_77,12.8027,77.6861,9,125.55
shp_KBS3A_78,12.8027,77.6861,1,0.00
shp_KBS3A_78,12.8615,77.6965,2,6.63
shp_KBS3A_78,12.9775,77.5714,3,25.35
shp_KBS3A_78,12.8615,77.6965,4,44.06
shp_KBS3A_78,12.9775,77.5714,5,62.78
shp_KBS3A_78,12.8615,77.6965,6,81.49
shp_KBS3A_78,12.9775,77.5714,7,100.20
shp_KBS3A_78,12.8615,77.6965,8,118.92
shp_KBS3A_78,12.8027,77.6861,9,125.55
shp_KBS3A_79,12.8027,77.6861,1,0.00
shp_KBS3A_79,12.8615,77.6965,2,6.63
shp_KBS3A_79,12.9775,77.5714,3,25.35
shp_KBS3A_79,12.8615,77.6965,4,44.06
shp_KBS3A_79,12.9775,77.5714,5,62.78
shp_KBS3A_79,12.8615,77.6965,6,81.49
shp_KBS3A_79,12.9775,77.5714,7,100.20
shp_KBS3A_79,12.8615,77.6965,8,118.92
shp_KBS3A_79,12.8027,77.6861,9,125.55
shp_KBS3A_8,12.8027,77.6861,1,0.00
shp_KBS3A_8,12.8615,77.6965,2,6.63
shp_KBS3A_8,12.9775,77.5714,3,25.35
shp_KBS3A_8,12.8615,77.6965,4,44.06
shp_KBS3A_8,12.9775,77.5714,5,62.78
shp_KBS3A_8,12.8615,77.6965,6,81.49
shp_KBS3A_8,12.9775,77.5714,7,100.20
shp_KBS3A_8,12.8615,77.6965,8,118.92
shp_KBS3A_8,12.8027,77.6861,9,125.55
shp_KBS3A_80,12.8027,77.6861,1,0.00
shp_KBS3A_80,12.8615,77.6965,2,6.63
shp_KBS3A_80,12.9775,77.5714,3,25.35
shp_KBS3A_80,12.8615,77.6965,4,44.06
shp_KBS3A_80,12.9775,77.5714,5,62.78
shp_KBS3A_80,12.8615,77.6965,6,81.49
shp_KBS3A_80,12.9775,77.5714,7,100.20
shp_KBS3A_80,12.8615,77.6965,8,118.92
shp_KBS3A_80,12.8027,77.6861,9,125.55
shp_KBS3A_9,12.8027,77.6861,1,0.00
shp_KBS3A_9,12.8615,77.6965,2,6.63
shp_KBS3A_9,12.9775,77.5714,3,25.35
shp_KBS3A_9,12.8615,77.6965,4,44.06
shp_KBS3A_9,12.9775,77.5714,5,62.78
shp_KBS3A_9,12.8615,77.6965,6,81.49
shp_KBS3A_9,12.9775,77.5714,7,100.20
shp_KBS3A_9,12.8615,77.6965,8,118.92
shp_KBS3A_9,12.8027,77.6861,9,125.55
shp_KBS3F_11,12.8027,77.6861,1,0.00
shp_KBS3F_11,12.9775,77.5714,2,23.07
shp_KBS3F_11,12.8027,77.6861,3,46.15
shp_KBS3F_11,12.8027,77.6861,4,46.15
shp_KBS3F_11,12.9775,77.5714,5,69.22
shp_KBS3F_11,12.8615,77.6965,6,87.93
shp_KBS3F_11,12.9775,77.5714,7,106.65
shp_KBS3F_11,12.8027,77.6861,8,129.72
shp_KBS3F_12,12.8027,77.6861,1,0.00
shp_KBS3F_12,12.9775,77.5714,2,23.07
shp_KBS3F_12,12.8027,77.6861,3,46.15
shp_KBS3F_12,12.8027,77.6861,4,46.15
shp_KBS3F_12,12.9775,77.5714,5,69.22
shp_KBS3F_12,12.8615,77.6965,6,87.93
shp_KBS3F_12,12.9775,77.5714,7,106.65
shp_KBS3F_12,12.8027,77.6861,8,129.72
shp_KBS3F_13,12.8027,77.6861,1,0.00
shp_KBS3F_13,12.9775,77.5714,2,23.07
shp_KBS3F_13,12.8027,77.6861,3,46.15
shp_KBS3F_13,12.8027,77.6861,4,46.15
shp_KBS3F_13,12.9775,77.5714,5,69.22
shp_KBS3F_13,12.8615,77.6965,6,87.93
shp_KBS3F_13,12.9775,77.5714,7,106.65
shp_KBS3F_13,12.8027,77.6861,8,129.72
shp_KBS3F_14,12.8027,77.6861,1,0.00
shp_KBS3F_14,12.8027,77.6861,2,0.00
shp_KBS3F_14,12.9775,77.5714,3,23.07
shp_KBS3F_14,12.8027,77.6861,4,46.15
shp_KBS3F_14,12.9775,77.5714,5,69.22
shp_KBS3F_14,12.8615,77.6965,6,87.93
shp_KBS3F_14,12.9775,77.5714,7,106.65
shp_KBS3F_14,12.8027,77.6861,8,129.72
shp_KBS3F_15,12.8027,77.6861,1,0.00
shp_KBS3F_15,12.9775,77.5714,2,23.07
shp_KBS3F_15,12.8615,77.6965,3,41.79
shp_KBS3F_15,12.9775,77.5714,4,60.50
shp_KBS3F_15,12.8615,77.6965,5,79.21
shp_KBS3F_15,12.8027,77.6861,6,85.85
shp_KBS3F_15,12.9775,77.5714,7,108.92
shp_KBS3F_15,12.8615,77.6965,8,127.64
shp_KBS3F_15,12.9775,77.5714,9,146.35
shp_KBS3F_15,12.8027,77.6861,10,169.42
shp_KBS3F_16,12.8027,77.6861,1,0.00
shp_KBS3F_16,12.9775,77.5714,2,23.07
shp_KBS3F_16,12.8615,77.6965,3,41.79
shp_KBS3F_16,12.9775,77.5714,4,60.50
shp_KBS3F_16,12.8615,77.6965,5,79.21
shp_KBS3F_16,12.8027,77.6861,6,85.85
shp_KBS3F_16,12.9775,77.5714,7,108.92
shp_KBS3F_16,12.8615,77.6965,8,127.64
shp_KBS3F_16,12.9775,77.5714,9,146.35
shp_KBS3F_16,12.8027,77.6861,10,169.42
shp_KBS3F_17,12.8027,77.6861,1,0.00
shp_KBS3F_17,12.9775,77.5714,2,23.07
shp_KBS3F_17,12.8615,77.6965,3,41.79
shp_KBS3F_17,12.9775,77.5714,4,60.50
shp_KBS3F_17,12.8615,77.6965,5,79.21
shp_KBS3F_17,12.8027,77.6861,6,85.85
shp_KBS3F_17,12.9775,77.5714,7,108.92
shp_KBS3F_17,12.8615,77.6965,8,127.64
shp_KBS3F_17,12.9775,77.5714,9,146.35
shp_KBS3F_17,12.8027,77.6861,10,169.42
shp_KBS3F_18,12.8027,77.6861,1,0.00
shp_KBS3F_18,12.8615,77.6965,2,6.63
shp_KBS3F_18,12.9775,77.5714,3,25.35
shp_KBS3F_18,12.8615,77.6965,4,44.06
shp_KBS3F_18,12.9775,77.5714,5,62.78
shp_KBS3F_18,12.8027,77.6861,6,85.85
shp_KBS3F_18,12.9775,77.5714,7,108.92
shp_KBS3F_18,12.8615,77.6965,8,127.64
shp_KBS3F_18,12.9775,77.5714,9,146.35
shp_KBS3F_18,12.8027,77.6861,10,169.42
shp_KBS3F_7,12.8027,77.6861,1,0.00
shp_KBS3F_7,12.9775,77.5714,2,23.07
shp_KBS3F_7,12.8615,77.6965,3,41.79
shp_KBS3F_7,12.8027,77.6861,4,48.42
shp_KBS3F_7,12.9775,77.5714,5,71.49
shp_KBS3F_7,12.8615,77.6965,6,90.21
shp_KBS3F_7,12.9775,77.5714,7,108.92
shp_KBS3F_7,12.8027,77.6861,8,131.99
shp_KBS3F_8,12.8027,77.6861,1,0.00
shp_KBS3F_8,12.9775,77.5714,2,23.07
shp_KBS3F_8,12.8027,77.6861,3,46.15
shp_KBS3F_8,12.8027,77.6861,4,46.15
shp_KBS3F_8,12.9775,77.5714,5,69.22
shp_KBS3F_8,12.8615,77.6965,6,87.93
shp_KBS3F_8,12.9775,77.5714,7,106.65
shp_KBS3F_8,12.8027,77.6861,8,129.72
